8
3
84 100 23
24 21 34
9
28 77 77 48 75 39 56 74 26
88 86 37 50 93 16 33 40 16
27
51 58 11 75 83 98 56 63 57 72 42 66 56 44 48 92 28 45 93 67 41 44 64 70 84 92 82
35 52 36 59 21 93 98 58 66 69 87 49 86 76 15 97 13 91 27 57 66 89 55 34 92 50 33
81
20 51 38 21 54 65 59 70 60 81 72 47 28 20 62 17 79 70 13 56 56 19 35 22 78 48 75 20 27 57 66 27 22 42 31 16 16 63 29 96 81 66 78 63 36 74 18 56 72 63 81 32 12 46 100 87 23 53 39 52 97 41 13 16 11 12 52 100 99 17 38 96 49 67 42 19 58 89 66 74 76
63 68 63 45 98 95 84 31 11 60 71 66 16 76 74 21 48 33 74 92 64 51 68 71 63 97 78 29 54 96 31 70 15 88 94 61 20 87 80 56 30 56 30 94 19 10 71 89 39 58 90 34 74 70 45 79 81 77 63 59 86 74 29 89 54 35 97 34 93 60 74 22 23 29 84 19 18 74 86 87 84
243
39 37 61 33 24 99 28 33 47 27 47 14 30 32 34 42 51 74 87 92 67 44 91 30 71 70 50 70 27 28 36 43 14 85 40 93 33 81 14 20 91 21 17 54 66 40 48 50 50 17 43 17 47 23 70 30 83 70 13 72 91 54 73 46 37 59 51 77 17 71 89 31 83 49 99 84 54 35 18 52 28 53 84 32 23 66 51 27 81 51 34 78 50 12 42 24 43 21 41 58 86 49 100 13 42 94 42 92 79 89 71 79 96 84 43 19 42 93 95 53 17 42 28 49 31 44 70 32 89 63 94 23 90 32 68 13 17 57 65 19 21 40 81 70 57 18 99 87 66 75 82 61 96 42 61 12 32 67 90 25 25 53 56 13 18 81 52 91 32 26 55 84 50 77 59 62 89 14 69 92 33 79 58 28 20 67 46 60 98 54 17 59 40 55 83 83 88 73 52 16 92 60 21 29 45 44 28 60 12 90 99 15 80 56 88 95 92 32 17 49 78 65 66 82 92 94 31 56 18 51 94 89 74 52 17 84 73 63 38 66 79 94 99
29 65 20 89 30 56 20 30 83 33 77 19 33 33 84 88 79 80 29 78 31 68 89 36 21 47 13 52 17 56 92 68 55 40 30 37 82 55 59 81 57 14 86 71 37 19 27 31 63 99 61 38 61 22 76 96 51 96 29 24 84 58 18 95 86 90 62 17 54 63 30 78 63 31 36 57 54 23 95 53 22 63 83 55 90 81 27 72 77 34 29 26 29 41 33 24 89 45 28 12 37 57 11 36 56 41 22 43 72 25 15 58 44 84 72 44 90 26 16 51 27 49 50 83 25 67 10 76 89 36 44 97 18 13 52 53 62 89 77 27 77 11 39 75 30 45 49 95 52 51 91 43 76 63 10 61 65 93 55 72 84 56 36 95 75 79 58 75 78 89 28 19 80 100 59 93 29 66 99 53 99 72 38 10 82 58 44 88 40 29 37 83 51 42 65 76 58 87 23 89 85 90 19 32 49 67 37 30 38 88 29 85 13 98 52 12 73 26 61 69 53 41 15 79 25 87 83 39 39 72 42 41 68 64 32 14 66 67 30 96 48 91 20
729
46 85 12 99 90 30 61 91 79 16 27 10 44 84 92 72 22 85 63 42 10 33 69 26 48 69 27 16 25 74 72 72 48 24 42 82 68 29 31 85 30 63 75 86 90 75 67 53 32 71 59 30 25 28 17 47 84 32 21 78 26 69 94 46 58 93 85 93 48 26 52 50 58 39 19 92 86 63 66 96 16 14 69 25 95 29 12 88 35 60 47 17 35 81 45 62 88 43 31 35 14 10 67 95 14 38 53 26 60 10 55 19 52 87 60 24 79 78 28 40 70 25 42 48 83 48 22 36 87 43 77 92 65 45 13 24 44 30 61 39 54 43 19 80 63 60 73 85 54 43 27 17 22 11 23 74 40 16 60 71 18 65 98 94 11 25 12 58 87 27 40 51 71 53 67 64 19 27 87 33 74 35 73 55 19 39 45 42 93 64 36 83 95 33 41 75 55 96 88 44 50 43 56 97 49 12 43 66 17 38 53 60 65 87 11 72 85 87 88 33 70 33 93 62 51 96 61 54 81 82 51 93 79 53 54 18 29 16 40 14 71 62 83 51 36 97 29 62 52 65 85 28 62 42 97 49 89 24 89 24 100 34 84 76 20 27 64 41 53 49 59 42 54 59 39 79 34 31 22 84 64 45 85 75 76 78 19 67 42 49 40 14 88 77 70 59 100 43 62 85 38 70 69 94 75 90 65 51 32 37 83 86 29 31 80 50 66 51 11 69 13 75 26 19 34 72 33 15 68 19 48 43 21 90 30 20 39 29 30 95 74 16 39 91 54 13 17 67 12 23 55 85 60 67 24 42 84 41 49 25 10 92 42 16 37 85 37 95 74 34 44 70 49 52 16 45 48 60 26 22 95 64 79 16 53 22 30 43 23 58 44 33 35 21 26 82 78 97 66 31 27 11 15 37 96 78 98 13 54 71 87 47 91 54 44 16 91 30 74 90 95 67 67 24 90 99 18 49 56 66 88 55 94 10 38 73 41 66 95 84 68 10 90 29 27 89 48 43 95 21 33 12 30 46 66 77 53 60 65 91 86 40 31 57 36 70 75 39 35 34 78 34 99 41 16 16 21 21 33 95 70 28 76 30 54 77 16 68 73 54 47 25 69 28 21 10 93 99 57 28 71 74 36 90 48 78 70 53 28 70 71 96 31 32 37 74 88 40 70 39 99 52 53 63 51 66 75 35 97 77 87 34 86 65 86 29 23 58 63 80 57 12 51 31 64 74 33 36 97 57 56 39 27 39 80 80 11 53 32 98 46 15 49 20 25 95 55 21 78 51 64 76 83 77 68 92 96 17 85 13 18 42 63 38 30 20 77 20 50 53 61 54 10 79 83 71 58 27 36 68 62 84 51 56 80 66 84 83 48 96 37 67 56 26 11 54 20 67 99 13 82 66 78 52 68 78 54 73 17 35 64 92 31 59 32 75 18 38 34 28 59 89 69 55 88 55 47 66 85 21 55 98 87 64 10 74 29 55 24 46 75 98 47 43 63 24 25 90 97 46 42 54 72 79 42 64 27 99 45 29 57 72 33 23 56 44 24 19 95 11 56 56 97 33 85 81 39 98 88 87 11 99 71 46 84 43 51 73 22 97 32 23 23 79 46 37 37 80 22 42 13 17 42 30 70 48 63 32 98
59 68 77 30 50 68 95 10 61 31 90 84 45 83 87 43 87 26 10 75 67 23 33 90 88 76 52 43 23 33 25 44 45 67 93 20 38 13 19 99 45 36 58 98 68 28 55 82 94 51 97 37 84 13 22 83 26 82 58 59 91 48 79 85 33 73 94 10 40 71 90 94 66 48 96 82 74 71 47 13 34 36 40 16 31 94 96 29 69 45 40 26 18 57 82 33 21 62 24 60 75 97 10 11 72 19 50 13 90 14 66 45 23 48 59 68 49 65 41 53 85 75 69 56 66 11 47 31 54 74 29 78 23 55 64 39 98 90 35 90 49 43 44 70 77 82 24 59 65 69 73 23 38 72 62 71 82 64 60 17 66 36 86 15 27 94 42 59 93 14 53 77 45 90 15 47 85 24 64 14 10 15 13 12 41 56 13 60 73 72 76 30 30 83 25 69 18 98 28 52 11 72 16 33 90 90 70 16 54 68 17 59 87 50 49 29 54 32 21 81 46 11 93 75 85 44 61 81 33 41 54 18 29 26 89 57 98 100 34 78 32 41 98 59 89 93 48 88 98 72 86 23 66 85 72 87 17 52 78 32 78 91 67 31 39 69 53 38 58 37 67 14 50 93 21 17 74 37 60 84 41 55 63 15 34 27 82 14 62 96 26 47 52 34 57 37 46 95 16 29 36 29 18 15 49 60 26 94 31 64 50 61 60 85 90 12 66 24 70 24 75 23 87 60 70 37 85 15 46 73 83 70 16 15 45 85 71 18 56 62 40 22 12 34 13 47 56 40 84 18 53 73 94 91 40 40 78 29 19 13 65 43 64 36 99 37 88 13 69 54 99 54 18 21 65 47 80 47 27 81 69 41 87 72 43 25 22 70 79 18 62 51 23 48 49 21 45 58 35 79 44 100 81 92 96 38 57 49 65 58 99 46 96 15 39 89 42 65 34 44 53 59 26 80 35 34 55 51 76 79 56 20 78 50 28 80 14 69 33 35 23 21 87 80 63 71 26 60 37 63 28 24 33 61 29 31 26 36 48 63 69 45 60 18 95 22 34 71 68 56 65 75 19 67 65 17 64 36 25 43 69 74 68 76 30 15 75 13 17 95 72 19 49 40 76 36 77 53 98 91 76 61 40 50 18 14 46 68 12 79 91 29 60 81 49 57 45 20 56 83 96 78 54 98 13 31 54 23 43 72 15 17 89 73 50 22 11 85 82 41 86 44 37 58 10 64 33 22 83 52 61 34 85 38 26 12 91 36 27 86 53 79 55 68 70 87 35 76 80 84 53 16 81 97 86 53 17 68 41 18 42 100 47 87 100 46 33 86 86 90 76 98 27 47 61 83 60 80 43 91 84 62 17 78 14 46 74 34 53 39 15 87 20 25 33 93 85 84 52 95 55 25 78 82 26 78 81 59 10 28 70 91 36 62 41 67 59 20 89 13 22 42 14 23 52 100 71 91 48 85 27 73 93 25 77 22 66 25 82 38 22 46 72 38 64 34 53 90 58 46 85 40 97 24 26 31 15 33 43 45 46 20 47 55 11 44 19 52 89 78 99 73 64 42 30 74 54 97 16 19 84 87 66 60 12 76 73 65 77 21 81 69 46 49 45 30 78 17 51 61 14 95 12 39 63 76 96 53 92
2187
39 24 54 31 95 65 54 58 95 36 93 76 26 94 38 43 47 78 33 73 48 94 73 64 91 77 49 62 37 100 97 35 35 68 23 39 59 29 18 67 37 63 11 83 49 76 73 15 26 63 86 36 61 44 63 81 89 89 99 38 98 66 28 100 81 38 33 62 46 77 49 41 60 80 26 58 87 86 27 14 91 13 74 51 94 71 61 95 42 30 93 87 100 28 91 14 53 33 39 95 35 97 13 39 89 57 24 88 13 78 61 92 11 19 20 36 41 68 33 79 96 51 14 95 41 36 77 35 38 85 27 21 28 100 27 61 14 17 61 71 51 27 98 36 44 25 17 87 73 60 61 42 94 41 18 84 59 83 46 37 76 40 59 81 87 80 49 78 62 82 95 34 88 96 69 78 92 13 17 37 91 50 96 70 62 92 95 59 73 69 78 18 98 41 24 48 63 58 49 20 47 74 79 62 77 57 72 12 21 69 100 27 79 33 59 30 84 49 98 60 23 12 16 64 75 56 37 56 41 49 84 47 74 43 87 54 91 34 40 52 42 55 56 19 92 18 49 41 62 83 66 89 70 64 61 70 51 86 68 58 91 47 79 91 83 42 81 90 32 85 38 15 77 57 75 66 55 60 74 20 77 27 93 59 16 49 98 29 58 29 54 25 61 95 63 43 98 11 23 44 84 41 45 79 35 79 63 95 44 24 100 62 95 68 67 36 78 76 24 14 93 70 10 39 99 35 64 58 43 44 17 91 84 73 12 35 99 30 12 65 55 58 32 78 20 50 99 52 37 71 57 13 11 67 89 31 48 64 53 78 17 33 34 15 33 70 53 65 21 52 88 16 71 59 20 27 28 15 14 70 85 71 57 100 87 35 60 79 24 28 86 22 48 39 73 60 40 96 68 59 22 99 51 78 37 65 37 11 67 74 49 21 52 93 15 20 62 86 60 78 35 79 18 90 97 13 60 78 13 14 22 95 79 88 87 51 17 96 85 46 10 31 97 23 48 64 19 82 81 70 37 44 63 71 85 96 46 69 27 92 10 54 61 83 51 74 18 10 57 69 90 20 33 42 22 34 15 55 79 61 88 76 14 98 94 94 88 77 43 39 44 85 65 45 53 35 26 74 95 60 41 15 52 30 78 64 92 25 66 46 46 20 46 77 40 32 72 45 89 53 80 69 25 86 92 90 80 74 84 20 12 87 10 57 17 55 45 67 56 70 49 77 41 75 42 51 83 63 77 81 99 20 72 95 82 38 55 86 66 18 43 11 71 34 85 29 29 98 60 17 26 96 88 69 17 73 29 15 73 89 94 67 59 40 83 91 11 97 74 97 41 40 90 95 14 79 65 61 78 81 94 17 61 99 38 20 74 86 27 57 95 79 30 85 21 84 68 50 84 51 46 12 16 32 74 74 19 74 41 62 49 18 88 53 10 83 61 52 78 30 15 43 14 20 11 80 54 75 26 61 41 40 60 100 72 15 73 47 34 83 86 58 86 89 84 18 34 91 100 39 98 85 67 39 39 25 95 69 13 14 86 78 41 86 22 17 11 95 66 80 75 38 76 69 74 49 79 10 43 26 63 26 56 74 32 20 63 25 79 55 34 84 25 51 86 57 93 58 93 44 31 18 94 65 66 61 28 61 35 21 75 91 45 37 100 29 65 95 60 89 98 27 59 33 83 92 14 85 93 55 62 55 13 52 35 12 68 89 11 26 49 71 70 53 14 50 87 52 71 31 22 53 47 47 50 42 67 65 100 45 85 61 64 62 65 70 34 55 15 51 72 36 84 96 69 68 49 34 97 58 73 94 79 30 57 36 56 24 16 76 44 48 68 92 54 63 12 39 67 39 44 63 51 13 14 65 83 96 26 93 100 87 55 96 32 55 68 53 41 97 62 76 55 22 55 29 38 70 79 80 63 54 85 48 89 40 10 99 32 28 55 29 71 80 14 55 79 37 27 15 69 26 44 94 63 47 11 61 53 67 99 44 100 51 42 84 91 31 99 14 91 35 83 26 45 27 60 25 24 95 97 37 30 44 26 13 22 25 20 36 87 19 49 73 81 52 65 15 56 57 66 93 37 65 98 59 29 47 72 54 11 41 45 87 27 60 41 89 77 50 36 56 53 88 45 26 87 53 97 87 82 87 100 39 43 19 77 46 17 52 20 15 75 47 94 69 55 15 57 39 20 67 63 66 56 57 40 98 70 97 54 19 19 28 82 96 40 57 39 15 25 65 97 10 50 18 12 76 64 38 82 28 63 45 14 50 19 90 76 10 43 95 83 30 83 42 23 37 61 43 46 37 17 60 93 10 30 66 51 97 71 87 67 99 41 31 74 89 50 59 12 88 96 61 73 70 25 54 99 41 59 68 64 84 34 61 100 46 28 83 37 60 78 51 100 73 96 55 59 93 64 14 93 42 48 30 71 48 47 83 58 73 63 12 31 74 57 34 25 26 79 69 11 94 77 65 21 77 43 88 14 70 44 92 88 58 37 21 23 20 83 48 65 50 79 34 17 11 40 54 29 80 25 26 100 56 14 64 98 20 74 61 63 14 86 83 99 83 49 49 88 85 46 27 12 98 11 73 17 11 88 71 94 81 61 48 95 66 12 82 59 100 78 47 40 10 49 13 19 90 49 39 16 66 63 77 89 53 49 78 32 62 32 85 86 79 25 80 88 37 56 96 18 96 66 39 19 41 19 83 67 26 27 26 86 54 85 28 22 21 88 74 68 10 56 22 72 87 94 68 90 31 94 83 20 26 52 53 19 33 17 79 71 71 13 88 100 31 99 95 68 10 85 41 96 39 99 81 58 78 69 18 47 54 15 74 92 65 53 37 25 16 23 98 90 23 91 82 26 42 46 21 11 57 23 60 45 91 28 65 59 49 28 19 95 25 10 73 85 30 94 14 20 16 41 37 89 57 39 50 50 33 34 10 21 71 10 88 28 26 39 71 21 70 45 90 12 53 67 48 53 83 42 20 93 90 42 88 75 40 41 28 27 11 16 54 85 20 30 76 60 29 19 100 17 22 13 79 93 51 100 64 11 62 36 98 41 46 37 99 19 62 17 67 94 43 79 83 11 97 70 89 38 66 21 41 36 97 16 16 93 68 72 82 67 11 74 38 45 61 79 98 35 62 93 28 30 94 90 64 27 60 44 97 63 63 43 31 65 45 68 34 59 91 57 70 32 100 61 42 53 48 16 54 29 67 54 97 14 58 33 25 69 88 40 45 23 96 17 26 82 46 25 48 63 26 11 51 75 75 53 93 19 94 55 41 47 16 37 69 46 24 57 79 55 55 42 29 97 57 86 77 54 26 61 45 56 75 52 10 59 86 55 39 59 59 89 77 61 74 24 57 28 82 40 69 69 20 49 17 85 18 31 68 31 41 18 70 32 50 87 95 95 50 53 55 33 32 84 15 20 18 52 94 83 41 84 16 70 65 23 76 92 42 92 51 98 59 25 44 14 32 69 78 19 46 67 95 10 85 75 41 49 61 17 66 67 85 81 58 80 46 58 72 12 98 29 96 71 98 27 91 33 69 16 33 92 83 75 20 52 60 55 97 10 55 60 59 96 97 67 37 47 66 96 49 38 26 20 20 40 43 89 39 16 13 92 68 90 41 16 27 80 53 79 24 84 33 42 75 24 49 11 36 70 77 32 40 67 27 54 80 46 57 86 61 33 84 42 43 62 97 67 66 54 49 39 47 98 73 46 80 25 76 26 15 86 46 92 30 15 21 75 81 11 78 53 60 57 50 61 36 40 97 51 16 34 83 21 76 57 42 37 23 25 88 40 93 66 24 76 28 49 20 26 47 41 39 49 28 82 74 65 66 48 53 79 40 30 31 63 57 58 14 80 26 82 78 88 72 12 42 63 71 10 85 73 29 27 62 71 56 43 68 23 22 25 37 64 98 47 66 79 23 67 78 34 39 78 41 45 90 87 92 100 21 17 54 51 70 60 44 85 36 82 92 14 99 30 39 72 72 66 21 58 15 48 100 32 76 34 60 55 21 51 69 91 23 90 61 31 54 75 37 63 61 34 81 84 73 37 29 93 31 97 42 57 36 16 91 34 43 29 34 83 83 75 99 67 57 38 21 55 39 83 28 42 25 42 50 21 34 95 98 94 99 27 85 71 25 19 58 96 13 90 69 32 13 91 58 42 81 62 83 29 39 25 94 11 30 23 81 61 40 10 93 70 82 19 19 99 37 66 66 96 65 39 14 96 57 86 15 19 86 49 74 22 32 98 23 42 58 75 58 25 47 64 22 57 33 44 90 90 56 29 47 40 27 18 42 53 80 32 17 58 24 20 43 56 67 65 58 99 75 18 54 21 51 20 21 15 40 63 85 77 44 44 68 27 12 12 58 78 30 74 33 47 20 10 21 26 92 97 79 21 61 26 47 42 95 85 33 100 60 99 80 63 58 71 38 26 52 26 50 52 59 26 40 39 65 51 33 43 30 59 76 87 63 81 15 59 11 52 25 88 55 20 86 98 43 73 46 22 68 55 85 75 19 92 39 36 78 44 83 21 56 55 31 44 73 35 28 87 26 14 57 18 13 40 70 16 31 56 38 89 52 68 88 47 10 46 33 11 67 12 100 20 32 75 79 61 98 11 79 37 22 13 28 77 53 36 30 66 17 69 24 88 70 52 75 19 28 25 85 67 73 71 27 43 13 64 70 34 55 74 18 74 22 59 49 24 87 66 43 10 81 70 96 82 92 95 60 17 74 22 89 36 55 35 76 10 89 85 24 46 19 18 84 80 95 23 93 36 58 80 80 91 31 91 59 40 10 98 99 71 30 59 69 49 32 45 98 75 52 19 44 92 22 35 59 42 62 27 63 49 61 32 71 17 67 20 64 76 86 87 55 30 58 56 32 74 47 40 55 26 10 30 48 21 41 66 95 24 30 63 13 84
78 65 24 41 99 11 57 90 82 25 37 35 17 88 12 91 45 78 43 77 94 41 21 46 99 92 44 79 36 67 95 88 19 41 81 72 60 69 20 25 13 96 87 64 30 86 58 27 90 80 100 78 47 62 87 71 83 20 29 76 61 22 71 78 70 59 92 29 79 13 25 50 81 58 24 70 18 38 10 69 41 21 89 22 13 18 18 23 56 98 19 44 62 39 88 63 31 40 55 32 45 10 40 92 43 77 34 31 45 89 83 65 39 97 89 89 36 39 21 22 72 40 74 79 87 68 87 53 54 48 13 36 49 56 99 38 79 74 33 11 37 81 52 50 42 84 92 57 48 51 75 49 50 23 81 93 20 40 59 86 32 91 83 58 41 48 87 97 99 52 60 73 58 37 82 75 31 75 88 42 55 74 62 59 86 74 92 95 26 65 69 46 67 91 27 25 15 26 38 89 72 75 39 89 23 32 77 94 76 36 43 25 40 78 43 32 87 87 87 51 62 100 97 40 59 25 88 15 64 43 21 97 47 37 29 11 21 40 27 70 16 14 38 75 89 75 45 66 51 98 99 55 35 50 45 30 17 99 22 85 34 18 20 94 33 20 18 53 55 45 55 99 32 24 78 70 92 98 28 42 93 59 12 60 55 25 64 63 100 43 64 87 90 66 53 73 46 31 11 80 28 66 53 13 57 68 53 83 48 26 88 31 50 70 70 17 12 17 79 100 70 45 58 64 37 44 58 49 35 66 67 54 95 71 42 93 33 93 87 14 35 11 84 13 67 62 54 15 83 26 17 81 50 18 17 68 89 33 16 23 29 67 82 68 11 63 17 28 50 100 58 65 97 43 29 61 51 87 65 62 97 14 58 95 79 13 87 98 32 65 49 100 19 95 75 17 56 56 100 55 36 68 53 58 58 55 49 37 38 30 34 48 97 95 73 37 92 53 29 50 56 22 66 88 96 30 46 57 27 43 52 45 21 63 69 77 33 100 38 60 27 62 18 95 72 79 52 69 93 96 58 86 96 28 11 91 85 71 52 99 88 74 75 30 13 53 27 14 68 65 32 13 87 50 66 26 35 84 46 61 56 94 89 77 53 92 68 98 47 35 62 59 48 30 27 42 100 43 51 56 30 67 45 23 41 92 77 85 51 64 91 54 88 58 56 21 10 60 73 35 76 19 28 47 99 78 38 43 98 34 64 77 89 55 61 29 22 56 33 25 15 79 83 15 77 12 96 34 30 24 14 33 14 66 56 13 51 48 17 49 65 57 61 61 91 68 46 79 28 92 54 87 11 14 86 16 52 49 19 21 84 80 77 100 96 97 77 36 15 67 29 12 57 25 13 94 60 61 33 92 32 47 98 58 65 48 64 21 59 97 99 11 40 100 24 39 68 13 35 19 96 17 79 64 36 69 93 40 36 45 40 30 93 11 86 18 40 13 22 19 100 81 93 47 69 93 18 63 83 22 49 19 57 24 80 74 18 37 11 21 62 95 60 64 19 78 31 70 27 49 62 70 58 26 67 17 69 21 68 18 58 61 12 58 46 92 38 12 31 15 94 11 10 17 97 18 85 98 29 31 75 53 47 53 87 29 17 40 61 41 68 22 70 27 10 22 20 28 62 50 59 94 37 15 41 74 57 25 22 53 41 65 93 85 90 87 34 72 44 27 58 41 95 25 39 83 20 14 10 74 52 46 56 29 59 18 75 41 68 42 47 76 88 59 74 99 39 24 84 43 53 40 39 14 14 42 61 73 67 25 67 69 42 12 37 30 60 29 65 45 69 63 11 43 87 39 18 35 86 68 43 70 47 51 85 80 38 98 11 38 15 66 68 100 19 61 44 68 70 93 48 15 41 49 96 51 100 33 85 58 82 60 73 59 80 90 33 48 67 58 66 54 28 49 89 84 100 95 86 87 71 20 94 94 24 38 61 41 96 75 86 44 95 40 37 68 54 16 47 82 16 43 10 17 74 76 48 46 29 83 71 61 73 44 15 62 92 92 12 16 97 43 10 22 54 37 53 22 49 50 31 59 14 77 46 61 35 13 73 71 63 72 98 89 89 39 50 52 78 21 52 52 97 26 46 72 51 28 80 37 76 29 33 75 23 27 55 94 83 41 48 74 18 79 59 36 100 93 69 26 66 88 86 59 99 96 29 49 86 38 15 77 40 83 11 34 88 93 48 94 70 92 55 98 93 62 57 97 55 84 19 84 65 36 61 76 45 21 31 52 95 26 39 32 63 44 68 63 65 73 91 79 55 42 23 59 17 87 67 54 47 72 18 34 87 44 30 28 81 48 16 26 53 40 61 42 10 60 32 14 75 67 100 24 18 33 80 16 64 62 83 85 34 25 32 98 62 83 86 82 43 41 45 44 78 27 89 34 88 71 62 16 39 15 21 50 70 100 46 98 17 75 76 43 67 91 72 27 56 21 24 20 74 10 20 73 34 78 46 65 77 56 100 19 34 72 85 27 89 46 46 42 91 56 75 22 87 78 20 42 74 94 36 62 24 97 78 88 41 36 42 10 87 59 20 53 52 78 75 86 68 27 22 95 64 63 24 99 79 92 60 91 92 49 29 21 80 31 27 26 15 49 17 21 71 23 21 95 62 93 91 81 83 78 76 72 99 15 79 42 55 41 26 94 78 69 24 87 29 92 75 34 94 93 17 81 45 97 62 60 14 37 52 30 39 10 74 22 69 40 74 89 81 62 78 27 44 13 32 14 64 33 68 87 97 28 95 15 42 89 70 36 61 62 31 81 11 75 83 29 49 49 63 92 88 99 11 35 62 58 26 18 72 21 95 90 10 25 59 45 91 18 46 47 75 52 14 44 74 18 76 42 93 78 79 62 24 41 23 64 50 67 82 35 30 53 95 88 18 59 15 85 34 76 49 80 87 20 42 16 88 55 81 99 44 73 48 64 81 92 54 94 66 39 56 31 52 57 50 84 54 66 95 50 75 35 96 94 41 37 91 13 48 71 72 26 93 48 69 70 10 87 60 78 12 17 93 60 83 100 26 40 32 86 92 92 100 52 41 74 13 78 28 49 91 71 90 59 50 26 37 62 65 37 55 29 42 41 28 73 69 29 75 39 54 79 38 44 32 55 42 28 68 82 13 29 93 96 44 44 95 24 37 47 43 25 19 37 69 58 69 92 48 78 64 54 47 26 61 18 20 49 67 26 71 38 28 65 63 60 45 78 20 21 48 85 60 56 78 56 14 70 17 81 78 75 90 52 89 48 64 78 77 19 31 21 84 99 79 21 82 91 39 69 79 79 43 84 81 44 99 34 13 66 59 41 93 30 83 67 72 48 27 52 91 80 51 66 42 82 63 19 77 92 63 27 59 57 92 96 68 47 94 70 57 93 32 88 81 62 58 64 14 41 23 92 14 80 26 52 93 18 45 92 27 88 55 64 21 57 56 75 53 16 34 60 27 100 13 53 34 57 49 91 44 97 17 69 21 69 92 67 33 93 91 11 21 87 71 81 14 62 50 81 80 33 41 58 25 75 53 67 40 11 30 63 18 98 90 61 48 47 49 70 83 99 71 94 45 13 57 67 72 69 36 19 34 21 64 88 57 87 66 82 34 61 10 13 29 99 43 35 90 86 76 22 48 50 62 43 100 96 13 66 92 42 30 22 42 95 93 47 60 35 32 25 39 90 72 71 61 99 29 45 58 68 18 35 30 15 44 64 83 72 90 24 29 61 31 23 32 90 26 26 42 100 33 16 94 13 94 61 75 30 39 64 14 11 42 28 55 58 62 86 74 12 54 24 66 14 34 66 34 62 50 66 72 85 72 19 83 25 68 61 20 64 71 65 78 94 37 96 26 82 67 83 14 54 53 47 20 94 36 94 42 24 13 14 16 28 23 59 34 42 99 12 15 51 55 26 66 62 98 86 90 12 51 72 94 69 82 78 76 56 22 82 64 31 77 38 22 14 86 54 27 15 78 59 30 14 29 44 76 51 46 89 79 22 53 21 16 87 59 94 86 84 55 78 24 62 86 85 63 12 62 49 78 23 39 75 16 18 75 93 51 28 30 66 55 95 70 42 76 36 46 47 88 43 43 34 94 79 21 34 47 47 10 52 12 95 44 80 49 98 28 42 44 42 15 50 25 28 65 13 18 29 67 64 74 69 68 27 44 50 57 98 22 20 58 54 96 87 43 83 17 58 35 23 42 24 24 90 33 15 73 95 50 83 49 27 39 92 55 96 38 83 49 45 79 73 34 45 12 22 47 69 100 22 18 41 68 68 35 80 85 12 75 82 41 16 17 28 94 79 34 66 30 30 99 60 31 76 72 94 11 95 20 13 20 51 97 68 78 53 95 100 58 13 69 81 12 80 89 33 51 49 48 82 34 63 86 47 83 59 64 58 47 11 98 53 51 44 23 18 12 54 44 32 71 45 64 23 32 12 51 50 85 91 63 64 30 76 33 66 17 14 14 98 40 71 83 72 88 97 82 75 20 21 61 76 52 34 21 95 100 59 79 77 38 20 65 75 70 63 29 39 27 20 49 87 11 97 29 17 10 17 31 99 13 76 25 89 98 62 61 39 51 31 95 29 20 43 60 28 94 51 30 60 58 19 86 93 43 19 29 27 14 55 51 73 38 83 80 18 10 51 94 84 39 53 96 62 88 30 60 36 81 37 34 44 54 75 32 50 45 66 33 25 79 43 39 93 99 46 86 42 53 98 24 54 62 97 52 59 54 54 82 77 29 48 61 19 83 24 47 99 65 52 51 95 19 26 100 34 26 100 61 82 21 43 46 70 93 81 58 33 61 12 57 88 67 99 63 15 81 27 75 96 30 51 63 20 85 85 80 94 43 97 16 19 43 19 96 83 44 29 54 73 69 88 51 34 20 77 80 30 18 85 10 40 91 18 22 95 61 99 30 27 87 75 54 61 37 84 42 77 50
6561
49 98 100 100 72 23 72 40 19 87 60 34 32 91 20 100 32 26 44 80 40 89 83 16 38 47 30 85 32 53 45 81 52 22 97 32 49 18 17 70 93 93 40 67 71 62 100 20 71 76 44 67 51 39 53 39 29 77 17 18 50 47 21 54 52 64 90 47 50 12 38 69 62 70 46 93 51 94 55 54 74 97 16 46 32 59 56 67 94 85 93 57 92 79 37 43 72 81 26 60 36 26 83 80 63 49 46 14 44 78 37 32 31 96 70 41 58 50 11 82 80 75 22 12 75 56 88 41 82 31 98 21 39 78 50 56 99 72 33 50 24 34 61 17 15 87 75 84 46 48 52 99 13 100 44 85 40 40 74 80 71 33 35 78 61 26 16 81 46 18 24 51 40 88 33 38 51 20 22 15 52 10 89 71 29 77 15 58 61 16 54 74 87 91 56 50 87 90 82 83 93 61 15 70 49 41 36 57 20 63 100 55 46 98 11 54 68 99 80 47 48 33 22 98 27 33 47 67 43 83 20 32 87 26 18 17 53 22 11 33 59 50 48 97 54 14 46 77 15 31 17 69 50 93 71 28 91 46 84 73 26 59 98 39 36 10 28 20 41 58 28 20 14 10 100 35 55 65 24 80 100 99 80 86 48 72 76 45 38 12 36 22 91 90 99 80 39 66 41 28 49 98 87 56 28 51 20 36 85 52 52 65 48 46 22 59 36 48 80 26 17 36 58 30 69 79 75 54 93 71 49 30 45 43 43 96 26 98 47 21 63 44 79 10 22 23 34 15 13 92 18 52 51 83 93 29 81 61 34 12 88 91 39 68 28 96 65 70 76 79 100 40 90 31 71 56 97 56 74 14 81 70 31 72 41 59 80 33 82 14 88 15 76 52 53 75 54 53 68 53 28 85 66 97 43 52 12 58 32 81 41 74 34 49 77 47 92 62 86 30 76 34 27 99 52 82 14 39 81 91 19 31 18 70 77 59 88 89 28 59 69 97 96 38 73 82 69 37 12 48 58 89 28 64 52 52 91 99 10 33 19 20 24 53 99 28 32 66 89 57 21 81 29 79 44 95 89 51 71 60 46 44 100 39 38 26 39 26 54 26 59 90 67 40 33 49 53 18 42 49 34 72 46 80 95 59 16 43 91 81 70 64 75 86 21 51 83 61 73 93 57 64 17 25 38 16 36 75 28 60 85 37 78 77 68 35 45 42 27 37 94 55 98 77 41 96 37 31 76 34 41 43 42 39 38 43 49 82 71 67 43 82 87 25 38 52 92 68 64 50 44 31 60 75 54 72 40 97 16 90 85 38 24 91 77 100 98 37 32 37 20 95 45 43 51 100 30 28 65 50 35 79 71 100 88 70 40 63 74 49 70 43 61 62 87 46 84 34 90 46 32 47 84 62 60 59 80 29 45 18 34 93 49 13 24 38 13 73 12 75 66 63 68 83 44 56 69 18 86 64 90 31 58 77 66 90 81 77 68 40 56 31 65 80 61 29 45 83 78 58 50 35 87 18 96 93 90 73 66 34 56 93 59 71 95 88 92 89 55 31 38 12 42 59 49 56 32 99 84 77 19 41 35 64 87 52 32 36 42 95 48 96 30 82 22 94 84 86 10 53 79 50 63 85 55 76 56 31 41 33 92 80 99 84 16 55 68 97 87 77 29 64 31 42 84 38 47 11 84 91 62 84 20 33 56 76 84 88 55 97 99 52 95 98 64 36 62 11 20 86 79 27 25 84 91 100 87 96 95 24 66 67 100 63 71 48 91 47 23 61 43 95 10 63 100 96 37 56 50 96 22 88 79 28 53 59 41 43 38 15 24 19 29 57 42 83 80 84 27 74 53 18 94 15 17 23 43 57 99 71 27 50 18 78 96 10 39 85 32 82 52 67 56 86 100 47 41 73 47 41 54 93 96 46 96 57 95 92 11 12 54 32 92 82 51 79 81 49 52 32 76 20 59 72 51 82 18 78 71 23 43 21 85 90 32 78 99 24 34 60 88 77 39 59 37 79 88 98 43 65 86 89 19 99 14 12 79 17 28 73 36 94 95 95 35 90 79 24 92 66 92 41 64 51 89 31 69 72 90 96 56 19 73 96 37 16 84 89 29 59 63 62 44 77 22 35 42 96 72 53 39 97 92 51 75 99 65 29 50 68 76 57 30 32 96 74 44 89 54 33 25 49 84 70 27 62 88 83 54 22 19 86 39 75 10 33 15 90 85 78 46 44 81 63 51 86 33 34 80 86 36 67 64 36 19 84 42 42 93 28 71 75 55 91 51 46 82 21 24 60 81 57 10 29 61 40 78 76 56 99 13 35 87 74 11 63 53 14 54 46 23 67 31 14 20 70 59 91 16 72 41 76 61 41 74 13 11 23 26 56 91 20 24 22 57 68 93 73 11 58 61 51 51 91 46 72 93 100 54 48 28 18 43 41 10 79 53 19 40 63 79 33 12 91 88 61 82 61 67 22 57 23 93 57 26 90 56 82 76 88 49 14 84 22 19 58 52 49 86 76 57 83 99 61 52 93 30 97 11 55 79 16 72 62 18 84 64 17 21 45 20 74 43 96 40 87 83 65 67 74 34 59 76 26 93 69 100 93 40 11 37 69 60 50 14 25 37 95 58 90 54 63 85 63 42 43 92 87 63 39 49 27 53 74 66 74 27 60 33 65 72 29 60 56 61 11 98 46 47 21 92 99 82 60 75 43 72 28 81 39 56 37 66 71 55 82 65 63 68 16 22 89 76 48 41 70 42 76 11 79 84 50 24 98 91 16 45 64 78 38 96 22 61 96 36 52 92 90 81 73 97 62 55 34 39 80 36 85 57 64 20 77 30 34 72 79 69 46 16 79 39 23 62 82 70 42 66 80 97 82 75 88 70 41 62 59 55 75 30 63 89 26 52 48 40 60 97 69 65 30 25 21 30 78 91 25 89 55 44 13 52 73 67 80 17 52 50 68 43 79 30 80 50 33 79 68 36 97 20 10 48 82 66 45 40 46 19 60 65 19 52 75 37 52 10 11 83 59 93 100 48 26 39 20 84 67 65 52 50 65 31 46 63 97 66 83 32 48 54 32 67 44 75 76 52 70 64 66 23 24 15 68 91 56 17 47 30 31 67 60 62 24 45 65 39 82 20 12 62 35 96 92 93 47 37 39 57 97 74 33 64 55 39 72 59 43 78 54 56 98 81 85 38 59 34 24 73 69 23 46 31 77 19 73 21 21 97 43 99 27 21 18 35 54 71 38 50 98 98 96 60 84 90 92 14 13 82 75 52 68 100 22 55 60 39 95 100 30 49 25 36 100 10 10 48 24 67 34 35 95 66 25 23 93 90 40 19 27 56 24 86 54 96 24 32 71 70 66 67 99 10 41 98 51 48 47 58 82 51 54 89 100 81 47 84 58 67 29 83 27 89 96 61 76 67 66 48 69 17 98 32 16 24 47 75 11 53 43 97 17 20 45 58 21 36 71 48 74 42 17 72 69 69 26 62 51 59 19 15 91 41 54 89 82 51 85 58 78 100 21 52 79 37 43 72 70 83 36 92 79 20 36 38 61 38 75 49 67 27 80 50 91 43 50 66 25 25 33 48 31 88 85 90 88 44 46 78 23 52 84 34 23 22 80 20 49 59 84 78 17 63 12 68 34 77 20 80 38 42 39 72 39 72 99 58 66 69 16 62 84 94 54 19 33 74 98 97 70 21 99 91 49 98 65 10 15 48 98 85 21 58 85 78 37 34 28 46 22 79 58 58 61 58 44 37 96 41 79 29 83 50 87 64 63 21 33 34 36 21 39 73 74 30 78 59 76 63 28 50 11 36 92 61 59 66 59 88 69 31 28 21 56 44 42 88 84 85 20 14 51 43 43 48 30 34 33 90 62 32 86 68 31 64 22 71 61 25 59 78 97 91 76 85 77 42 25 66 58 14 57 91 34 37 24 50 48 69 24 26 25 35 25 78 76 32 39 54 34 47 20 13 30 52 62 46 80 93 58 84 44 38 51 44 37 74 97 52 76 94 40 97 80 31 44 53 81 85 54 18 13 39 27 58 95 33 26 29 62 29 79 21 77 51 10 13 41 30 58 91 96 84 48 19 76 44 38 15 76 28 52 89 51 35 70 50 39 22 95 53 69 19 76 56 75 37 97 24 56 77 59 93 69 87 27 35 59 54 32 100 20 97 46 13 81 39 41 76 47 46 44 48 49 21 84 70 16 71 67 76 68 67 13 28 80 62 97 31 75 98 59 49 48 72 64 65 21 82 44 47 49 66 18 22 16 60 25 77 59 98 79 78 11 29 27 29 14 61 95 37 32 51 49 74 70 49 34 71 17 75 75 89 35 56 56 49 33 63 83 45 64 80 64 22 94 25 60 63 16 33 96 98 84 94 78 31 55 11 73 88 41 44 74 69 29 59 39 68 17 34 60 56 52 66 37 98 90 36 44 20 76 59 51 65 99 24 31 56 87 43 70 67 70 61 44 74 32 86 38 18 46 52 38 15 64 80 76 93 91 100 38 23 87 43 78 38 91 96 93 57 32 44 22 61 49 97 17 37 71 99 75 99 64 29 31 90 70 76 33 87 78 15 77 15 85 48 90 48 99 99 86 28 33 99 29 71 63 55 16 20 89 97 73 77 97 50 88 96 18 43 41 50 22 76 84 14 38 52 51 32 23 79 66 20 49 22 57 57 17 57 87 58 63 25 53 70 62 46 25 40 90 48 59 64 11 59 98 94 73 78 15 87 91 74 45 62 76 31 48 81 54 53 69 30 56 58 26 40 78 99 74 73 26 68 56 22 87 48 61 23 36 97 98 75 50 52 49 21 21 26 33 58 71 72 59 49 100 73 70 33 40 74 95 38 54 53 13 12 88 74 72 54 62 96 85 53 74 14 73 65 13 75 68 89 97 24 78 41 28 80 61 92 83 12 41 32 22 14 34 95 22 22 33 99 52 16 19 31 45 47 24 29 49 57 72 46 80 47 40 64 82 55 48 27 100 96 80 21 74 64 74 27 46 78 82 53 55 51 77 97 79 37 75 77 75 62 43 16 76 20 90 35 82 53 65 44 83 62 23 40 44 62 88 58 32 68 62 19 12 40 72 59 47 90 76 31 47 13 85 43 49 10 53 62 24 86 59 60 77 30 63 70 82 57 73 99 22 71 60 87 27 14 72 44 14 33 17 44 98 30 44 42 85 33 11 44 63 87 99 57 22 76 87 95 63 76 40 27 43 78 16 72 72 48 25 18 57 34 43 95 76 16 98 51 29 91 29 85 84 86 14 12 94 27 73 85 51 56 60 11 14 33 92 70 69 82 55 36 69 49 81 57 78 85 55 43 15 34 31 96 17 91 57 33 97 66 36 82 41 50 42 20 88 89 75 97 44 31 33 75 66 93 34 39 40 10 26 33 84 16 27 55 17 16 52 17 30 67 35 96 67 69 98 87 77 71 51 95 10 71 76 48 68 44 53 69 21 37 33 10 45 52 93 62 69 39 82 21 91 59 93 25 64 61 61 12 41 49 51 89 85 12 43 50 62 100 80 35 21 42 95 63 41 25 57 77 69 86 78 32 29 71 78 81 85 37 37 42 74 41 76 44 62 21 61 77 50 54 16 39 58 22 96 78 42 66 95 24 52 34 52 71 42 98 42 80 37 83 60 88 79 30 66 74 14 75 34 46 99 94 85 82 89 21 50 20 42 81 28 52 94 25 74 51 10 31 61 89 45 43 19 39 57 72 47 72 32 76 74 56 18 46 19 47 10 77 84 23 91 99 80 47 59 88 19 52 82 65 70 51 62 80 82 35 48 82 25 46 46 19 10 85 78 41 38 71 18 93 73 15 47 97 60 72 22 54 95 64 15 44 29 33 74 87 61 63 40 32 83 63 30 75 65 24 21 91 39 82 84 19 87 12 60 38 27 42 16 34 15 73 65 32 76 17 20 65 35 20 11 73 12 34 75 36 66 99 89 90 34 74 69 69 78 15 19 24 65 29 65 23 78 17 73 15 74 10 80 91 54 82 23 29 64 76 94 20 12 50 15 16 74 84 50 44 82 81 82 89 82 91 95 62 18 26 58 45 20 20 18 14 43 20 65 39 92 77 45 88 17 10 42 34 34 15 43 53 44 28 64 62 91 17 24 41 82 19 11 59 90 10 40 15 91 90 27 20 33 68 70 60 35 64 72 93 83 11 40 87 27 47 87 36 71 96 71 48 76 79 70 87 47 94 73 88 18 76 88 54 33 87 73 76 55 39 31 21 62 40 43 14 44 85 41 28 97 50 85 67 60 44 86 10 59 69 80 27 53 71 81 29 47 23 73 45 46 26 15 12 10 48 44 97 35 95 66 96 96 27 75 88 39 19 33 66 55 21 67 77 68 27 99 60 16 25 43 24 37 82 32 77 83 60 65 48 45 51 91 98 34 31 27 82 27 63 55 67 43 74 33 43 94 26 67 51 46 33 88 51 36 79 28 59 40 69 52 12 98 67 14 25 74 24 30 90 12 51 85 75 16 52 19 34 23 80 38 88 38 31 21 54 62 36 24 22 23 67 95 92 84 13 12 53 41 19 91 40 65 42 60 52 90 74 63 95 37 16 22 86 36 12 87 70 51 54 73 52 46 23 41 96 96 10 39 36 99 52 71 67 60 67 60 61 93 59 70 45 91 26 47 60 43 45 70 20 38 49 66 35 44 56 44 12 12 72 90 66 56 17 13 42 91 42 31 13 49 82 52 15 63 39 92 35 99 46 21 54 43 79 78 77 16 33 92 61 95 93 56 44 37 26 15 88 83 71 44 45 100 68 34 55 39 59 31 18 60 10 73 77 11 93 88 18 67 76 27 98 40 23 61 42 31 74 19 19 66 57 24 53 47 49 95 60 97 64 19 76 37 11 26 59 41 74 19 49 19 96 82 84 70 61 96 21 62 39 68 81 76 62 55 36 29 83 69 57 66 57 86 67 42 49 33 64 57 71 10 91 94 73 77 57 38 16 49 70 56 90 63 28 99 21 52 100 77 31 68 65 75 37 95 31 44 18 87 43 15 89 15 83 23 48 17 56 76 73 94 72 39 94 31 77 19 99 41 74 91 60 31 34 28 58 76 75 100 38 36 52 79 77 41 93 94 72 56 77 46 11 63 56 15 92 68 65 28 68 47 24 73 17 58 86 68 98 96 86 22 73 96 83 97 12 73 75 45 71 66 14 76 87 31 16 79 11 15 13 36 26 45 86 15 41 59 43 82 44 69 12 25 38 76 76 22 49 74 96 87 65 37 40 16 83 64 18 33 29 71 56 57 13 42 64 58 20 10 92 31 44 99 63 38 64 19 86 73 81 39 84 28 32 61 14 44 88 67 36 54 41 57 94 33 34 26 17 14 72 95 24 47 29 82 63 65 47 46 98 96 83 24 20 21 53 87 79 46 78 35 69 35 27 65 69 84 46 78 39 36 94 28 84 96 19 51 43 31 54 84 43 68 49 77 95 33 34 38 66 78 71 55 64 23 58 81 65 82 55 55 37 53 11 91 61 43 62 23 69 59 87 52 47 42 64 71 40 80 52 84 15 91 27 14 12 76 44 14 34 56 30 27 42 43 20 72 95 34 61 48 12 93 79 98 34 87 49 61 51 89 21 63 74 65 18 60 73 44 12 82 65 47 65 25 42 47 22 23 84 94 38 76 31 59 58 28 79 29 95 89 68 58 36 24 89 85 65 31 75 30 83 76 44 38 66 66 36 55 11 21 74 83 44 100 49 50 91 70 84 35 90 91 61 86 93 14 94 44 86 20 61 93 89 77 71 44 31 13 76 10 21 26 63 18 100 66 34 34 19 22 30 48 56 38 35 57 10 18 23 82 86 46 17 95 33 28 92 21 74 42 40 27 32 62 39 15 12 62 30 57 88 52 100 48 23 74 67 56 36 93 29 59 18 34 25 89 53 34 96 52 12 18 29 86 63 87 21 42 54 82 91 75 41 51 40 45 22 57 47 74 36 11 35 67 20 15 54 73 57 37 83 46 40 81 16 85 44 32 15 47 69 66 95 19 86 36 12 89 19 29 63 74 51 50 58 61 63 50 18 85 35 12 39 52 25 34 49 71 86 33 29 25 19 45 22 83 27 14 93 31 73 29 24 43 61 24 99 46 41 41 52 18 44 51 48 37 11 75 37 10 72 21 72 45 76 68 15 63 39 49 96 53 58 60 23 63 49 89 92 18 82 21 11 67 82 25 76 26 55 63 44 10 10 19 71 47 73 42 44 18 27 53 86 85 62 14 15 72 28 29 53 51 18 99 42 38 64 98 62 36 27 27 82 27 17 32 41 53 57 63 75 17 71 53 21 69 79 60 59 28 97 12 65 37 87 59 22 48 10 86 35 52 69 53 39 16 11 66 22 82 36 23 21 16 84 64 69 94 74 44 55 82 37 29 32 34 88 55 69 26 43 70 47 13 54 15 66 100 60 13 85 81 48 53 17 87 79 94 35 56 45 38 45 58 72 19 58 10 66 49 87 33 67 57 43 37 32 51 18 13 11 65 88 86 68 44 76 64 57 65 24 92 33 90 93 99 81 98 63 53 50 70 46 21 86 97 65 65 52 82 22 63 31 19 58 35 35 48 55 38 64 93 65 29 45 36 80 92 39 40 96 28 87 68 93 78 85 73 57 93 70 60 57 53 69 95 42 16 83 18 64 15 88 29 95 93 13 36 39 15 18 71 34 65 67 85 93 14 83 55 29 85 90 60 43 14 31 50 76 35 43 82 78 88 71 78 32 87 100 29 93 57 92 19 20 11 16 73 56 17 76 37 83 84 42 67 46 50 41 26 62 30 81 88 83 86 10 84 61 66 35 61 65 68 56 87 31 89 77 52 56 37 71 20 92 49 79 91 46 48 24 32 29 89 61 58 69 75 79 72 98 30 85 63 82 14 72 10 17 19 48 37 41 95 43 84 69 49 30 87 96 90 51 18 18 41 79 42 41 56 13 17 51 95 61 74 41 99 31 62 67 65 58 44 35 80 39 58 82 74 71 80 40 49 82 50 68 70 76 70 69 17 57 49 63 63 10 75 74 31 13 86 49 94 76 81 69 52 56 82 50 48 45 85 33 20 68 96 92 47 92 94 61 72 67 70 37 69 28 85 17 10 76 57 87 19 39 48 24 100 54 93 18 12 79 77 62 49 45 97 19 80 15 25 18 41 33 54 76 90 57 93 62 98 15 46 58 69 62 19 98 39 68 97 13 64 100 11 55 81 65 61 93 15 18 41 74 60 57 94 87 82 83 27 16 86 58 39 26 60 41 81 66 36 53 43 10 70 93 81 74 82 95 17 22 75 71 56 21 44 63 55 98 85 84 87 39 84 27 76 74 54 34 73 91 69 45 71 75 36 52 50 53 97 21 26 35 15 76 95 38 91 27 87 14 18 90 84 46 38 27 37 27 58 51 49 79 18 35 32 27 19 65 52 96 77 72 85 71 27 64 13 26 96 38 39 88 75 16 21 61 64 77 73 98 53 61 93 63 66 24 36 39 90 74 71 67 61 21 76 60 73 66 20 73 40 16 67 84 75 71 27 33 56 27 40 29 48 48 100 49 96 97 87 81 74 62 97 71 18 93 56 53 51 34 49 99 15 61 19 46 81 22 64 38 23 76 38 60 36 25 74 27 75 97 78 57 12 55 61 58 31 62 10 25 26 61 48 14 18 23 30 85 32 33 94 46 17 34 67 95 38 35 66 93 59 19 78 92 98 82 83 94 94 49 12 52 44 59 17 37 50 22 18 83 16 98 18 67 55 81 50 50 93 55 80 80 46 54 65 43 14 95 19 77 41 62 45 46 20 47 73 57 49 46 99 12 73 79 14 92 33 16 10 88 95 67 38 22 29 64 60 16 49 93 42 16 25 67 35 27 64 76 39 27 50 92 33 93 75 63 62 87 50 94 67 59 12 70 41 55 65 95 71 99 71 20 55 99 96 34 83 13 92 34 81 90 77 47 29 78 21 49 35 20 57 15 72 68 74 93 66 33 51 84 12 82 79 91 69 54 52 74 86 97 99 89 80 97 22 89 45 57 95 44 59 72 13 88 51 23 61 60 11 21 78 39 66 47 65 65 46 42 86 91 14 28 74 87 60 33 86 37 69 16 84 17 36 84 58 20 30 45 30 88 11 53 28 85 32 89 98 87 76 73 20 73 98 19 92 56 33 11 93 54 10 44 50 88 30 94 39 85 54 32 78 30 96 10 35 77 31 31 88 30 83 85 14 65 63 34 100 21 24 17 36 17 90 93 59 24 40 99 27 52 94 80 42 11 77 79 12 47 23 92 81 14 24 72 94 69 40 58 49 36 53 14 44 91 61 24 100 53 36 54 27 79 85 36 37 20 24 51 61 24 44 59 25 21 80 72 68 13 70 13 62 90 63 68 30 26 76 27 84 34 81 57 20 38 56 32 44 66 21 88 76 15 40 62 73 29 94 46 21 92 94 20 45 13 81 64 98 31 35 68 98 66 64 97 38 93 54 49 29 74 16 48 52 77 20 62 18 35 79 12 61 49 16 58 85 48 89 71 55 29 34 49 29 36 80 66 66 60 50 21 48 93 34 83 92 91 10 34 70 46 77 27 18 88 93 70 92 17 93 35 15 26 34 15 95 31 75 86 22 31 86 76 12 27 23 100 16 39 45 19 15 17 26 19 75 96 29 33 20 68 47 83 23 24 93 60 82 97 99 17 33 55 17 15 93 91 45 88 86 60 43 37 34 27 22 28 60 94 23 81 63 70 80 65 39 41 90 21 46 93 55 27 14 72 43 66 93 18 39 22 47 94 13 70 26 100 77 39 15 88 58 83 21 92 71 24 99 97 50 44 12 33 21 95 90 45 40 44 37 62 70 93 14 49 19 27 57 58 37 14 54 82 91 54 31 40 39 13 29 68 30 82 74 11 47 47 71 47 37 15 87 24 76 30 45 57 18 49 29 80 53 15 37 44 21 24 25 18 88 95 41 35 50 67 77 94 72 42 34 24 86 53 70 45 56 98 71 34 13 18 96 66 89 96 47 23 32 72 99 13 94 72 76 66 91 95 58 16 52 49 46 74 93 16 72 21 21 83 18 67 96 72 81 21 32 60 95 47 73 73 43 27 33 92 23 22 32 32 61 63 26 22 83 49 38 14 26 20 91 30 90 56 62 20 12 23 53 37 26 38 24 37 95 36 33 37 71 86 31 100 77 77 92 76 42 34 79 26 32 58 51 33 33 88 73 86 52 25 65 35 33 12 18 87 27 15 55 13 74 76 42 92 75 35 68 74 27 70 45 82 47 36 21 44 48 17 88 93 17 25 62 42 45 36 27 93 22 13 96 10 58 87 67 85 24 69 15 20 34 78 31 34 21 90 25 19 90 67 77 12 24 73 82 90 71 44 59 41 45 90 56 35 15 50 83 66 37 29 87 43 42 42 50 43 27 90 45 63 98 98 42 71 31 89 72 63 30 37 42 43 64 64 40 59 81 18 49 27 32 93 45 98 71 83 62 44 46 78 75 42 83 57 49 25 53 45 22 79 23 28 32 53 55 85 84 71 72 87 11 70 10 75 58 43 55 41 63 15 77 90 80 20 79 80 60 66 10 30 35 69 97 77 86 97 92 48 51 32 93 10 33 91 80 31 48 21 90 85 42 74 75 65 83 61 59 37 81 56 100 85 30 71 40 65 14 33 24 100 57 34 66 44 67 67 19 15 67 52 14 86 51 34 48 89 27 81 80 17 31 16 89 99 63 40 79 82 24 62 69 46 21 52 81 33 80 79 70 47 80 64 22 58 27 30 37 54 40 34 77 49 62 42 80 29 60 17 65 26 36 18 77 56 88 95 54 14 75 34 69 20 90 87 71 65 87 60 16 71 79 47 18 61 33 62 32 75 75 76 88 79 99 22 48 47 93 90 51 30 64 23 91 89 49 71 10 83 23 92 50 64 88 75 77 70 62 54 28 69 85 73 17 17 89 86 71 38 98 54 82 74 61 51 50 68 33 24 98 54 94 57 54 74 51 63 77 49 90 95 25 28 36 35 82 32 18 32 24 98 12 71 66 26 90 23 40 48 24 68 21 96 67 10 61 71 89 51 46 47 97 54 43 94 36 49 76 97 72 47 97 57 79 67 81 82 19 10 77 50 41 57 39 20 64 26 29 36 94 13 31 64 31 70 94 34 35 84 80 69 20 93 58 34 94 25 17 100 91 90 61 56 66 68 53 45 57 89 14 93 25 72 52 39 31 64 93 75 76 85 11 26 78 86 87 93 57 86 43 37 33 25 27 87 78 14 57 52 37 95 23 16 21 63 17 99 53 46 20 31 12 15 88 15 55 32 82 99 32 43 78 26 46 67 25 86 46 60 75 43 15 30 61 36 62 78 64 11 41 52 81 75 16 85 50 12 60 78 97 53 56 80 63 28 87 80 30 39 79 25 87 52 67 29 77 58 59 45 15 75 27 94 20 40 66 46 21 46 85 45 45 25 87 99 100 66 36 36 44 74 50 64 78 97 55 93 34 12 36 36 60 68 93 57 24 19 18 79 86 52 49 40 32 99 31 33 60 23 31 78 81 57 92 78 48 19 21 42 15 32 10 41 38 41 52 79 66 88 36 78 68 62 68 30 16 46 22 62 89 96 43 75 86 55 20 29 64 25 98 81 55 32 99 57 57 29 81 38 34 29 51 93 37 79 45 72 23 28 94 98 71 84 55 61 35 74 65 49 78 82 93 17 69 98 19 70 17 47 15 87 45 17 51 42 23 80 75 23 31 35 88 74 56 38 34 53 21 96 64 96 97 83 86 22 58 68 66 13 29 82 26 45 93 50 24 18 37 77 44 85 89 73 83 75 33 80 65 99 12 64 70 63 88 74 20 76 44 68 86 85 93 57 35 98 54 58 96 32 25 19 30 62 95 65 99 77 20 35 66 50 75 96 73 66 60 79 90 61 41 34 71 81 93 57 92 83 75 91 32 54 53 64 66 99 17 52 34 14 38 23 25 98 10 41 12 85 88 47 15 69 10 96 57 59 40 35 87 28 11 42 76 59 28 77 53 86 85 14 37 37 50 49 23 15 66 72 43 32 54 56 81 42 34 63 14 51 32 46 42 50 26 18 69 19 30 89 61 58 57 72 31 83 67 27 96 17 55 38 17 93 75 13 91 74 71 10 45 94 36 48 78 89 56 52 69 52 97 41 18 13 98 52 66 13 15 84 96 39 66 32 13 65 63 39 32 63 69 62 44 22 30 24 44 26 64 88 67 40 10 100 27 92 29 47 38 51 80 55 77 33 30 67 75 69 45 91 17 54 84 32 11 60 41 82 15 78 13 50 52 28 100 10 70 56 84 69 67 88 57 57 93 78 97 28 20 19 82 37 36 54 27 55 96 18 21 61 34 19 37 30 80 48 15 72 34 80 39 44 70 16 16 14 64 95 59 60 46 48 64 51 21 71 52 24 92 89 10 70 73 11 85 97 74 55 38 80 36 76 34 67 53 40 22 84 61 65 100 36 43 26 51 37 33 89 68 88 23 86 28 35 100 84 72 53 65 75 48 15 37 47 62 53 51 54 60 85 33 83 67 26 39 56 74 17 25 93 70 26 83 99 86 83 27 50 98 64 17 85 28 85 76 91 29 37 48 11 34 47 80 70 33 41 70 51 63 24 76 67 49 64 42 83 94 84 80 70 64 13 63 85 79 75 91 31 61 28 31 42 15 57 11 59 78 98 17 91 15 41 19 46 98 47 52 85 55 76 66 65 55 86 74 11 46 31 29 97 82 38 10 29 42 61 43 44 66 45 63 37 52 56 37 64 68 63 28 25 46 94 99 16 42 10 88 41 62 12 75 35 52 86 61 48 73 27 100 91 46 82 95 12 65 18 87 92 77 80 39 75 58 32 98 77 37 33 13 21 38 41 75 33 50 26 42 97 70 55 15 14 24 78 80 28 73 56 86 70 33 50 42 72 48 12 73 87 25 68 94 20 96 32 21 49 23 18 54 61 54 71 40 97 27 57 38 84 34 46 23 10 20 37 49 38 53 50 13 24 91 51 69 33 49 96 62 10 20 20 80 81 97 36 75 58 36 61 38 79 42 99 88 57 14 48 76 12 91 57 77 32 15 80 90 76 58 10 70 91 78 77 98 80 66 67 83 100 43 43 14 92 69 39 47 60 64 95 30 34 29 15 96 54 26 23 98 86 18 40 88 87 39 10 33 16 40 59 80 14 50 99 36 83 30 42 100 43 45 63 94 79 47 42 80 67 60 97 24 29 99 100 82 21 78 48 82 66 39 69 42 69 73 22 22 56 38 25 58 35 100 33 52 90 65 64 35 21 57 83 51 94 39 45 21 99 87 67 78 12 29 28 36 38 87 29 61 49 29 64 13 51 93 71 13 89 32 81 98 29 51 93 88 40 99 83 23 90 55 28 67 83 15 18 12 33 24 72 21 15 45 88 80 46 66 83 98 89 82 96 94 49 100 46 48 61 40 71 30 61 32 72 94 55 32 35 95 92 28 64 58 21 97 30 30 88 25 63 46 24 38 85 36 87 78 21 86 27 68 58 43 84 71 59 49 94 58 39 84 14 39 67 21 70 100 67 88 21 24 23 63 84 34 20 32 11 52 49 50 40 34 92 34 77 56 39 47 66 49 26 81 100 89 53 66 24 70 23 75 13 56 90 74 56 24 84 99 11 93 14 26 89 83 34 61 31 90 91 37 78 67 35 70 14 87 64 30 97
70 14 62 50 35 42 62 13 70 53 31 85 11 22 41 22 96 78 17 36 87 62 87 64 67 11 59 72 11 14 46 75 86 13 90 49 33 51 44 44 32 86 97 25 60 25 45 16 38 64 89 84 17 85 61 37 94 46 39 62 56 43 23 26 32 24 41 52 40 72 48 11 92 67 49 51 48 38 12 77 24 58 44 63 32 20 76 94 35 90 96 54 39 82 19 24 10 38 49 72 14 84 98 70 33 95 35 86 62 35 11 57 57 17 76 78 56 61 12 73 52 37 53 50 91 78 89 94 16 67 79 73 11 57 22 36 80 53 98 97 58 25 81 89 86 54 70 16 88 96 21 62 24 59 73 100 75 21 21 90 66 19 62 93 39 51 76 77 51 19 80 60 62 81 71 52 95 77 84 53 90 36 89 43 33 48 68 58 11 93 44 21 16 29 83 66 49 32 100 35 52 86 95 11 24 27 49 50 67 98 69 84 49 11 70 48 36 80 93 82 54 21 64 30 12 63 83 17 16 60 77 54 45 88 25 61 81 91 72 51 43 65 62 24 21 30 16 56 26 67 91 81 94 75 81 19 60 54 21 19 48 94 37 49 89 40 61 20 49 79 89 89 58 12 97 31 95 68 53 38 55 17 20 88 11 80 88 39 88 82 90 85 18 98 19 48 23 16 92 91 81 36 17 27 96 76 33 40 86 64 74 99 14 99 50 75 57 90 70 25 87 96 47 40 84 55 88 15 73 88 46 34 85 91 22 54 64 21 52 75 75 64 30 65 56 55 61 11 51 68 79 96 69 86 44 95 85 19 64 38 63 73 50 100 80 14 29 17 28 59 61 84 75 19 88 94 35 67 96 39 73 24 40 63 57 59 87 95 80 94 46 96 24 96 39 98 86 14 89 18 14 17 57 79 51 71 13 85 23 68 28 15 87 30 41 82 78 97 90 56 54 61 22 11 63 88 80 70 88 80 21 56 50 15 34 27 55 59 55 95 88 41 79 39 38 87 51 21 90 65 47 22 100 62 57 47 69 14 97 99 18 87 82 80 15 49 17 83 41 83 10 17 72 99 83 53 18 30 59 49 23 39 72 63 90 41 99 96 58 24 10 23 81 86 77 18 55 44 94 22 53 94 32 94 18 91 12 31 37 47 36 19 31 87 28 21 72 63 52 47 84 14 60 22 86 96 22 33 73 78 97 28 52 79 14 46 59 87 26 28 88 19 45 82 29 92 41 95 82 54 36 30 64 22 74 53 52 96 62 54 20 32 99 92 85 51 18 55 81 81 98 35 19 87 92 63 68 92 92 36 24 34 83 74 33 21 68 71 89 82 75 99 45 81 55 81 71 24 30 43 81 33 65 49 84 36 32 69 78 52 39 17 69 85 87 86 20 50 90 30 57 27 51 12 75 92 66 23 24 84 86 38 93 21 59 64 100 67 68 81 95 51 16 59 79 22 85 86 68 64 16 87 30 46 65 63 64 27 54 12 38 78 35 75 54 39 49 64 26 50 99 84 41 65 87 65 28 54 85 99 77 37 31 40 39 17 80 71 75 28 29 94 39 86 38 10 34 85 86 92 70 59 63 11 30 21 46 73 49 64 58 10 63 100 82 59 98 53 58 55 31 48 21 71 11 49 32 58 33 28 69 91 95 100 14 68 78 25 30 17 80 28 20 38 33 97 89 28 87 90 78 58 48 76 88 38 51 64 81 98 27 93 10 97 40 100 81 26 98 91 51 86 41 34 25 39 74 45 41 80 99 68 46 59 64 58 28 79 67 91 58 73 87 47 36 54 97 63 27 55 32 86 48 75 72 44 85 76 38 97 67 87 16 61 85 85 34 43 26 59 15 39 76 77 99 89 90 67 65 10 19 21 14 70 71 99 97 32 55 47 58 29 26 78 67 62 32 36 80 15 56 13 79 32 66 43 32 70 75 82 36 71 95 58 87 29 25 33 69 47 28 68 90 51 93 39 14 30 84 29 58 70 14 38 79 58 62 27 26 14 99 79 16 77 14 11 19 78 67 61 17 85 10 56 90 63 45 39 48 49 61 27 72 91 29 23 52 33 44 21 64 22 92 97 94 35 98 81 74 45 83 45 34 68 29 14 76 51 26 79 86 47 29 40 64 60 11 84 51 28 36 75 74 85 94 82 34 100 69 63 68 70 54 31 38 37 49 85 19 50 99 90 54 87 17 61 78 22 80 40 34 34 96 86 98 25 26 79 40 56 38 45 47 31 47 95 26 50 76 29 41 43 54 40 78 36 95 19 55 97 84 63 90 27 18 34 59 97 48 34 32 10 84 51 42 93 26 68 27 19 59 35 59 77 10 94 58 63 13 86 53 96 17 60 80 61 37 78 64 49 92 98 98 85 92 46 46 71 73 55 58 21 58 61 83 36 34 23 48 25 32 82 62 31 79 15 14 62 78 52 53 23 97 21 73 38 22 62 13 84 34 53 78 64 24 57 86 94 93 52 91 46 50 83 27 70 63 84 41 58 74 91 23 65 51 41 88 46 64 49 19 14 56 88 25 18 44 81 72 60 48 51 29 32 36 43 57 96 32 41 98 17 63 62 34 80 31 60 11 65 50 18 74 94 82 83 73 23 37 83 67 60 49 65 26 44 91 13 89 39 35 57 94 45 50 46 10 16 60 83 65 44 74 64 54 30 51 25 31 44 15 27 16 57 23 71 10 57 81 29 38 37 78 85 80 24 23 70 19 10 50 99 53 84 25 47 44 34 11 21 42 94 51 25 53 79 73 71 82 70 91 73 39 63 59 79 74 81 10 18 40 38 59 45 65 52 47 80 31 98 60 20 34 76 98 93 46 24 83 61 80 25 83 43 43 23 67 22 12 27 65 70 50 93 76 29 70 94 25 78 84 66 26 11 14 65 45 78 42 13 18 97 24 54 36 45 30 49 54 64 35 30 11 23 30 76 28 16 24 58 43 84 18 60 21 14 15 13 29 48 61 45 88 34 82 91 38 45 47 93 74 32 60 74 41 19 22 91 26 28 19 38 50 61 32 36 12 74 31 78 97 100 95 55 41 10 57 40 49 79 53 51 36 48 62 69 71 32 16 44 98 29 18 69 63 33 45 70 84 61 85 69 34 33 52 75 61 50 92 26 61 68 84 58 20 69 87 30 81 41 85 98 74 69 25 56 29 36 56 43 82 90 87 74 55 43 46 74 97 89 49 30 81 53 74 85 72 27 86 95 38 80 31 20 68 39 39 16 10 37 42 97 41 94 20 93 45 80 96 35 18 39 35 41 31 63 45 39 29 100 59 35 18 48 33 85 50 83 64 52 50 95 29 60 100 41 94 48 43 63 58 13 49 77 83 55 91 97 52 17 73 40 15 53 67 59 39 69 96 40 39 27 57 10 85 59 90 70 24 65 74 18 93 85 35 71 66 77 38 15 20 19 90 100 78 79 48 46 30 76 89 14 100 32 42 39 10 28 78 51 18 58 55 69 72 52 35 54 23 95 68 21 81 78 16 99 74 13 39 10 87 70 47 65 95 88 72 91 45 37 88 32 32 66 97 99 97 55 40 49 43 56 90 35 32 39 84 99 65 16 43 98 55 65 35 50 49 22 32 80 46 37 95 29 56 20 14 72 29 91 91 57 14 95 13 12 65 29 12 99 59 62 34 81 22 18 44 27 22 50 68 75 17 21 63 100 50 70 26 53 66 52 26 69 97 77 86 23 28 75 42 28 91 45 69 61 51 31 49 89 21 71 31 73 68 46 80 29 80 43 24 59 20 55 23 38 29 54 86 80 73 45 47 98 85 38 30 57 76 61 34 53 48 82 62 54 33 71 18 40 34 57 67 28 10 48 68 69 85 93 25 87 97 24 58 20 30 18 34 87 74 88 22 71 42 70 81 66 94 15 73 54 44 40 100 74 24 83 67 38 52 66 81 73 92 19 72 12 75 31 22 62 26 38 91 74 87 72 38 48 51 51 29 74 31 34 90 82 82 13 83 16 65 50 83 93 59 11 39 35 22 29 48 53 23 67 21 25 35 57 41 99 69 79 15 27 29 55 26 79 100 45 51 73 22 16 59 96 12 71 39 85 17 42 96 18 65 43 50 36 28 19 91 88 36 78 74 56 14 91 12 70 12 97 88 61 49 91 76 58 77 17 73 21 73 31 62 46 87 18 58 23 60 95 53 58 42 17 74 100 45 92 91 32 25 30 90 100 24 59 81 65 86 20 19 19 35 11 61 28 81 60 70 90 65 34 63 59 22 57 62 81 89 94 72 27 95 22 38 29 48 59 35 29 81 96 29 71 92 41 74 82 25 64 23 77 19 72 53 78 54 32 38 94 37 69 12 11 24 30 10 32 49 84 33 93 18 16 100 94 61 39 75 78 86 50 41 25 16 10 35 50 93 95 92 55 43 85 52 26 61 29 20 21 57 68 23 20 80 65 70 59 17 25 98 86 29 85 41 84 64 30 59 81 84 41 28 100 74 84 30 60 31 32 45 58 89 58 41 14 68 23 27 96 28 38 40 63 60 92 32 72 57 83 28 23 61 83 59 65 25 96 87 100 29 42 35 28 66 80 96 66 10 72 22 59 31 98 55 15 16 19 22 22 55 100 83 90 56 93 19 55 77 65 36 19 97 90 20 45 58 77 61 73 91 47 92 44 97 85 99 67 80 63 43 20 81 73 50 78 94 75 28 21 23 83 48 72 31 21 46 71 41 18 55 65 11 32 26 45 12 73 82 60 97 60 92 56 40 53 83 87 59 85 75 25 32 15 11 61 55 90 50 94 58 87 68 96 24 48 100 32 33 70 27 72 48 78 49 46 16 70 70 77 92 95 89 61 36 63 58 99 14 92 83 49 18 98 96 95 84 88 41 29 65 32 59 60 47 80 67 30 32 22 100 33 35 72 65 15 26 45 48 72 28 24 30 72 20 100 86 35 87 86 86 90 81 86 63 58 97 59 75 38 49 14 93 76 28 50 68 32 74 16 62 57 62 95 13 57 57 12 59 37 63 40 70 73 25 24 14 55 78 76 78 68 28 35 96 52 51 29 53 28 27 32 18 95 96 74 88 73 54 27 68 42 12 36 25 56 61 34 53 57 79 66 70 33 27 35 12 80 69 82 69 26 22 79 48 94 70 38 50 18 30 96 55 49 58 79 24 20 21 18 11 66 25 42 14 80 25 45 100 22 61 70 38 63 12 63 20 18 21 40 98 42 51 68 37 28 17 12 81 32 85 71 55 52 75 42 52 24 21 71 30 68 42 97 38 65 30 54 21 18 99 14 59 71 95 81 45 52 66 82 72 86 82 73 96 74 29 29 56 96 51 71 13 34 14 71 89 17 33 81 15 60 84 16 51 66 35 20 82 79 79 68 17 52 51 46 79 47 86 95 54 15 91 85 75 99 34 19 100 59 71 31 51 60 31 15 34 34 33 84 14 58 28 84 26 21 98 68 99 81 17 25 53 82 74 27 19 82 50 63 91 47 38 57 64 86 25 61 94 41 23 38 67 33 83 73 92 31 64 16 31 16 90 54 14 58 62 13 65 96 44 44 38 77 35 28 39 49 40 23 91 15 18 91 51 60 37 10 88 10 79 47 88 22 38 19 39 87 25 18 44 50 99 10 35 17 92 61 81 18 78 74 22 92 50 85 15 73 28 25 47 38 89 40 44 100 92 50 35 67 64 56 65 31 47 63 89 46 37 100 71 70 43 19 34 82 36 21 53 29 60 12 89 30 87 24 37 81 40 99 20 50 25 58 49 38 45 69 67 42 29 29 68 18 39 53 90 74 17 30 21 19 58 47 91 28 29 47 100 63 61 73 48 98 43 47 94 45 21 34 18 90 66 49 52 45 16 97 38 62 45 21 92 70 86 33 67 97 75 55 89 31 33 14 91 85 56 56 98 13 34 22 59 93 96 52 90 76 88 65 47 39 49 86 96 55 41 10 100 13 12 64 72 23 66 83 24 85 27 53 13 12 50 36 34 49 86 67 36 52 62 61 66 98 31 14 88 67 59 98 81 79 15 85 14 12 98 38 20 50 24 58 65 11 95 31 85 48 14 76 18 20 39 40 15 74 98 43 44 49 14 12 77 90 76 27 75 56 65 74 85 49 31 37 87 38 57 92 12 76 17 64 47 49 70 50 17 16 54 90 10 15 41 36 65 46 50 97 44 100 25 60 13 47 98 35 79 43 56 21 54 50 21 49 68 78 43 98 67 82 91 28 16 10 39 76 81 70 81 66 40 90 77 58 85 27 26 37 64 50 78 86 22 12 29 39 94 57 30 64 48 96 66 100 50 91 25 18 17 36 98 22 98 96 15 15 15 84 78 83 64 65 83 22 67 14 26 33 33 59 39 64 46 94 37 51 73 72 92 16 36 64 22 71 87 76 79 63 80 11 51 86 94 62 30 24 22 44 94 38 20 63 45 78 15 49 12 92 40 85 26 46 66 21 66 46 12 55 59 37 12 30 80 59 45 56 65 48 72 69 53 22 34 27 19 95 57 61 87 89 83 37 29 29 79 97 92 28 23 93 47 91 65 77 89 49 36 10 24 24 15 20 44 26 29 14 75 30 71 15 11 98 46 93 10 27 65 56 94 66 75 11 89 54 62 87 33 53 69 71 42 40 64 77 76 43 67 50 63 73 13 40 17 29 40 86 30 62 94 97 62 91 85 74 24 76 20 97 96 87 23 58 76 67 31 69 15 83 35 74 62 60 41 47 92 78 57 15 56 10 63 31 30 10 43 94 66 65 39 24 34 60 22 46 99 47 43 87 94 62 10 57 98 74 19 21 47 44 74 23 80 73 49 52 50 49 75 32 13 67 94 58 36 100 26 87 94 50 97 27 35 48 36 13 82 98 19 31 32 30 63 27 54 31 16 60 98 64 25 75 31 29 35 47 30 15 41 26 84 77 34 84 82 70 100 43 50 24 35 75 86 90 91 93 53 31 83 67 21 18 63 24 40 86 45 24 91 91 18 15 36 96 45 34 53 15 85 33 74 73 97 43 28 36 10 26 37 19 63 68 20 53 49 65 92 32 52 63 37 53 30 66 22 27 11 13 62 47 69 26 87 61 63 15 50 29 61 64 45 44 24 10 45 50 23 44 43 79 89 69 22 45 36 48 74 100 30 86 97 76 65 34 40 19 25 93 45 73 12 85 70 31 33 20 11 41 32 90 33 54 61 88 42 34 73 58 77 78 78 38 93 38 10 56 59 75 22 64 67 46 46 19 37 28 31 68 58 75 30 32 80 22 67 44 75 46 64 69 71 50 30 43 21 98 78 73 82 10 67 91 64 52 53 15 22 58 12 73 50 10 69 75 84 65 61 79 44 67 22 45 11 67 68 22 100 77 25 84 28 72 10 78 58 90 32 93 61 12 78 95 64 26 65 99 91 90 74 72 48 71 69 49 48 74 55 80 14 90 83 24 85 69 17 80 50 50 24 15 33 68 69 47 43 81 10 17 22 88 21 82 85 42 18 72 12 71 26 11 91 55 73 87 18 56 67 26 51 76 30 27 32 33 38 71 94 96 57 70 93 48 20 11 48 58 13 62 23 14 97 30 93 83 98 75 40 58 45 43 38 93 79 48 13 93 63 31 70 69 22 72 90 84 45 50 39 25 55 15 50 30 87 23 41 44 41 78 85 77 72 20 38 91 92 35 13 89 86 83 88 66 95 14 23 16 57 24 24 36 38 11 86 46 59 62 49 75 80 76 100 52 26 20 71 80 15 49 45 61 56 84 74 56 55 36 55 83 80 90 23 91 56 23 52 60 70 71 93 87 38 52 46 61 10 69 52 80 97 97 73 52 52 68 43 25 89 53 84 86 97 62 60 49 91 53 70 79 15 45 31 29 79 62 67 68 32 87 47 32 45 21 54 38 73 56 57 28 43 93 56 100 75 21 68 59 62 20 51 60 84 76 10 96 46 87 86 58 74 63 98 48 87 100 30 50 34 23 36 19 85 64 36 75 50 69 33 29 85 98 91 75 99 100 55 61 59 37 90 44 21 14 45 29 12 34 11 85 95 86 12 82 39 35 37 30 22 70 96 54 74 76 64 80 88 49 84 62 60 53 88 88 57 62 72 22 76 63 91 12 82 94 31 87 25 45 34 41 57 25 57 77 27 13 58 22 57 38 76 49 32 48 24 57 60 96 60 64 61 89 42 79 38 90 58 44 47 67 25 40 12 74 76 96 46 86 65 26 22 56 39 85 62 61 82 39 89 48 91 70 58 63 19 36 22 44 77 20 91 98 83 98 13 68 87 38 20 70 44 10 16 33 63 12 66 66 22 10 47 17 64 34 87 45 50 92 31 45 51 58 41 13 71 57 76 100 11 92 12 15 37 88 93 27 57 13 30 62 72 86 78 92 34 32 35 22 94 86 59 68 87 47 30 96 70 41 48 17 76 46 37 59 46 26 43 86 79 61 87 43 40 40 74 92 83 49 13 25 36 98 36 61 23 78 100 53 52 64 33 80 40 56 37 50 32 95 23 59 99 20 40 46 62 23 21 68 100 45 64 47 75 28 69 17 68 29 87 74 22 18 60 86 81 30 96 94 91 53 55 52 60 10 61 39 19 88 92 47 32 45 59 10 73 45 51 16 74 89 34 89 35 44 61 66 74 92 72 57 94 29 86 37 100 31 34 63 11 44 53 72 43 13 60 51 74 94 66 83 99 63 74 22 91 11 69 27 40 48 86 60 42 18 83 81 39 38 82 89 78 67 57 71 52 27 69 13 92 14 77 90 36 65 64 36 60 77 91 95 57 24 42 100 49 26 10 19 55 88 53 18 74 45 92 59 12 54 25 71 82 20 40 55 75 34 85 78 36 87 83 96 85 36 75 59 16 55 99 66 15 56 30 19 60 29 54 20 99 35 35 68 37 58 65 68 89 39 53 91 90 91 82 34 88 22 27 11 52 29 45 48 16 37 35 33 46 32 25 50 53 48 55 45 94 40 47 100 85 58 28 74 51 54 82 80 24 40 32 22 15 73 88 89 52 92 61 26 18 66 70 44 37 65 22 18 98 31 31 92 21 48 50 100 82 61 29 93 82 89 38 31 52 72 12 91 78 29 23 87 90 98 64 99 65 91 79 92 12 64 38 39 71 12 47 85 86 23 65 12 89 71 33 60 88 68 20 92 58 53 54 57 25 92 15 92 26 27 19 48 46 96 28 89 97 58 15 91 45 36 76 42 95 96 50 92 51 14 89 84 59 88 46 82 73 51 59 67 32 41 65 22 35 97 24 89 20 59 44 58 74 22 52 91 30 58 23 38 63 69 21 92 55 12 15 27 32 58 65 72 11 58 27 86 10 80 34 53 54 12 78 59 44 51 72 30 88 37 86 30 94 60 41 84 26 100 54 91 43 72 59 30 99 55 47 55 37 82 65 81 99 15 67 27 18 56 31 72 91 20 86 80 51 44 43 47 15 56 86 92 72 44 95 47 13 79 21 39 27 97 46 26 45 100 22 35 37 72 78 100 65 17 57 71 29 28 44 37 59 64 67 69 74 29 100 54 63 32 10 68 52 15 10 98 28 79 37 47 28 78 42 47 56 18 15 88 86 15 73 10 74 32 35 76 68 61 50 13 43 67 87 66 45 24 56 57 82 58 63 38 51 98 94 97 44 23 27 54 73 10 84 16 10 69 66 95 69 24 12 43 62 36 99 93 29 98 89 12 73 72 82 65 30 62 54 21 94 45 83 78 49 50 35 15 66 52 13 50 73 91 91 48 88 26 36 70 70 89 94 58 28 31 25 80 76 13 12 87 54 13 70 25 62 79 50 22 98 90 54 66 53 65 63 52 71 27 12 47 73 32 55 50 91 24 15 25 11 49 10 13 37 60 33 45 78 86 75 93 38 42 65 17 43 20 18 88 54 84 91 36 32 19 98 23 55 27 34 16 88 85 84 56 84 42 16 11 53 54 13 37 61 71 40 35 69 44 50 50 91 11 57 42 32 47 83 52 99 32 94 22 71 62 67 28 25 39 61 26 17 56 68 23 98 41 61 43 27 39 27 39 88 97 34 16 19 89 21 32 99 76 82 100 58 83 66 46 99 71 34 84 46 57 90 11 51 51 53 90 10 61 30 81 79 51 18 96 64 45 82 55 94 82 53 86 97 54 55 59 56 67 79 84 24 11 12 45 93 91 51 10 82 10 76 71 66 13 34 32 10 100 10 87 63 26 69 89 79 83 80 37 83 70 80 98 93 31 53 66 13 10 79 22 49 48 58 99 68 27 99 78 63 49 62 50 21 23 94 40 48 54 20 35 72 40 65 60 88 50 46 15 70 70 97 100 87 91 43 31 81 37 86 94 39 91 84 40 99 80 69 55 26 100 46 60 49 15 73 72 18 51 33 63 61 95 48 88 27 49 14 16 49 24 40 81 35 11 36 67 13 85 86 62 56 95 86 65 47 14 42 24 68 85 23 90 61 32 31 11 62 21 90 28 13 25 38 13 84 81 96 54 96 66 30 85 34 47 83 48 15 73 75 86 27 88 10 68 94 76 92 82 14 28 71 73 53 82 43 84 14 68 97 92 72 43 53 91 90 46 96 16 98 88 10 66 25 12 38 41 62 19 77 21 31 91 46 59 52 30 67 41 45 79 45 72 69 61 42 40 100 44 54 96 68 100 69 60 82 72 60 100 42 15 30 45 33 91 93 53 89 14 82 58 72 48 22 96 68 56 89 68 26 18 82 77 90 58 89 13 77 43 88 82 100 29 97 61 13 72 18 21 43 39 40 38 67 17 47 93 53 26 31 69 94 46 77 60 34 10 14 56 29 73 31 72 64 35 90 21 10 68 23 31 34 48 91 33 34 73 87 15 57 64 37 68 29 10 82 44 19 15 64 100 10 95 26 11 93 19 69 33 22 69 46 33 28 25 77 87 63 20 57 10 97 53 29 33 92 75 20 10 15 37 94 97 26 11 37 48 86 43 64 60 88 89 69 64 16 74 53 75 10 39 97 97 44 98 23 95 49 38 39 44 72 53 22 48 32 55 53 33 76 67 86 82 83 44 11 12 98 11 97 69 70 67 48 85 91 23 57 72 45 66 99 88 19 93 58 52 78 33 38 87 66 57 43 89 25 63 21 36 58 48 38 77 69 36 77 54 41 71 11 53 49 59 33 69 83 16 77 27 27 39 68 68 48 85 88 94 79 48 92 28 100 72 77 86 55 13 52 69 18 96 21 84 65 26 73 65 33 66 66 100 64 19 47 71 76 81 27 41 38 11 81 18 13 56 89 63 92 49 19 74 88 46 91 23 85 94 47 96 61 30 72 72 90 91 47 86 11 22 52 76 54 14 30 42 12 29 71 18 89 60 45 18 11 96 43 32 11 98 20 50 14 19 21 29 33 50 10 79 67 97 93 59 72 70 96 77 58 95 77 42 88 10 61 14 11 72 23 12 86 95 61 29 42 32 55 30 46 35 66 58 91 74 47 94 17 30 47 46 62 97 33 57 95 49 31 54 53 54 11 77 42 35 60 95 67 69 11 83 46 85 71 18 85 73 68 32 71 27 90 53 17 48 58 23 60 36 59 91 81 77 75 52 51 49 80 44 57 58 67 74 28 81 58 18 80 76 36 46 61 44 49 90 54 98 81 77 12 54 60 22 41 83 69 30 93 40 94 11 23 87 12 73 23 39 64 29 47 19 44 79 67 61 53 87 90 38 85 60 85 50 68 56 44 80 58 44 96 53 69 33 35 53 93 46 92 98 69 74 15 57 30 16 95 29 31 56 64 11 63 32 42 19 55 29 21 51 41 72 64 63 91 85 50 25 49 19 80 41 39 56 11 16 79 51 86 80 39 19 81 70 64 40 46 72 62 65 24 62 93 47 96 19 92 32 28 49 92 63 65 80 91 26 52 64 42 97 69 96 42 63 68 32 38 62 38 79 22 64 47 78 77 28 85 87 53 89 52 24 82 55 86 64 57 50 67 24 87 51 26 96 40 45 88 48 49 94 31 41 24 12 23 41 46 29 39 74 18 11 38 44 35 21 28 79 24 66 66 57 16 20 58 48 47 85 91 29 31 46 28 65 25 99 69 30 100 44 97 12 48 26 71 91 54 84 41 65 46 89 17 36 51 73 42 27 77 38 97 95 95 24 71 27 11 29 31 78 49 40 21 20 83 36 71 47 94 99 53 73 94 81 53 71 81 57 62 16 78 21 22 71 58 66 68 58 37 57 93 30 23 74 48 31 88 49 74 66 89 67 98 91 27 77 58 68 67 24 93 78 52 44 69 85 85 42 14 49 40 67 72 20 87 12 73 53 20 19 80 37 51 57 44 32 74 83 22 48 43 19 88 60 53 45 28 62 64 97 94 83 57 13 19 30 16 45 14 31 70 73 31 82 11 56 71 81 24 32 71 32 81 15 89 24 10 71 87 41 100 95 54 67 96 48 26 24 99 20 94 69 53 21 17 45 36 65 65 79 72 18 76 19 46 31 83 32 72 84 69 90 82 11 26 90 94 45 31 95 45 72 23 28 33 11 69 42 27 94 81 30 85 11 10 43 83 60 72 64 33 72 90 61 21 29 83 17 33 94 76 38 46 56 58 41 13 45 14 43 83 45 29 35 99 65 26 61 11 12 76 42 97 52 18 48 40 96 57 87 66 84 92 66 16 56 83 66 86 74 16 53 99 66 40 25 52 73 51 50 60 45 11 88 44 40 16 27 22 89 89 10 98 52 63 33 40 80 25 16 90 90 76 18 48 18 82 24 82 58 96 94 58 40 69 42 95 28 83 41 27 23 100 95 81 61 87 16 72 70 92 52 83 97 81 47 57 88 53 44 47 93 25 19 23 48 70 91 91 15 98 62 56 44 26 67 32 11 40 44 52 74 96 56 84 93 64 33 92 27 36 20 83 43 25 67 16 65 97 60 57 89 47 64 65 89 42 92 19 16 29 99 81 79 86 67 73 56 90 28 33 72 79 23 82 54 29 29 38 55 76 50 64 57 32 20 27 80 38 30 85 83 72 94 19 60 17 75 81 62 93 28 29 96 30 30 70 11 98 29 45 99 48 68 66 27 38 90 93 96 66 94 85 80 87 84 68 12 52 82 23 13 75 27 52 78 56 47 24 94 54 63 71 28 23 61 68 38 47 34 54 36 44 43 31 38 93 45 61 64 19 83 28 93 74 26 41 44 10 44 84 51 24 39 55 28 68 20 18 75 36 36 91 95 46 64 17 62 31 89 46 12 18 33 31 70 34 24 37 17 70 95 100 73 46 18 96 21 46 40 50 59 76 97 62 86 58 30 27 89 47 35 95 38 70 39 45 97 37 74 71 85 67 70 62 76 55 18 15 29 92 46 25 84 30 22 47 19 45 73 26 42 44 58 46 15 50 79 82 43 48 82 94 35 18 11 37 23 93 95 79 93 60 32 12 93 30 22 92 50 59 74 87 81 27 75 55 29 38 91 99 31 31 25 39 56 91 38 23 63 10 66 58 90 81 95 73 44 99 99 57 23 56 27 84 54 10 78 45 70 15 18 66 28 67 76 93 57 90 20 29 67 59 14 50 50 63 79 25 42 54 98 19 46 86 67 53 61 66 81 60 71 25 64 27 23 59 26 40 83 82 25 64 28 80 44 35 44 31 50 20 56 74 35 33 19 25 43 26 51 80 32 51 36 92 71 15 78 71 29 72 42 40 46 21 21 61 17 37 67 55 74 78 28 18 56 46 86 67 60 42 77 70 70 75 70 34 21 35 86 76 57 70 38 69 36 63 48 38 79 91 75 47 82 12 60 62 60 17 47 46 35 28 71 78 100 94 31 40 76 39 69 14 33 45 43 16 73 39 92 85 95 18 63 87 39 32 27 57 64 49 81 64 67 18 23 56 63 83 23 10 95 73 98 60 32 98 95 70 28 97 80 62 83 38 54 46 87 18 79 47 52 84 62 82 16 31 14 69 59 20 38 19 37 47 25 37 18 82 24 34 48 56 22 33 11 31 37 52 13 44 61 86 48 17 47 45 56 68 54 14 54 87 38 37 43 73 83 28 12 71 95 39 75 13 48 42 65 68 14 44 75 72 34 59 39 99 28 46 67 41 89 67 41 50 64 54 13 87 94 12 20 87 13 76 18 78 17 74 16 18 90 23 37 88 70 98 11 72 45 31 12 48 93 47 17 31 22 98 71 84 27 98 68 55 59 67 47 30 52 94 41 20 44 99 15 54 96 70 97 39 39 81 93 59 79 34 67 94 54 66 63 36 59 10 40 89 34 99 63 16 90 14 37 46 94 49 21 76 71 37 63 56 93 15 31 81 34 55 67 28 39 25 10 100 68 64 89 64 40 41 77 54 24 80 85 77 77 79 60 44 47 93 10 62 87 20 82 46 63 94 27 72 51 84 93 71 78 54 74 93 67 63 74 43 42 70 36 59 88 100 26 70 36 15 29 96 14 88 16 38 39 55 25 80 69 33 81 74 88 98 14 41 40 86 21 77 78 45 29 56 28 56 31 25 17 19 92 91 15 90 78 13 35 38 83 29 71 13 85 30 43 74 83 88 76 92 83 34 34 41 10 86 21 24 22 34 36 20 73 59 26 69 72 50 77 54 62 13 81 42 35 92 98 67 64 73 50 35 71 14 55 90 52 80 54 34 73 51 29 12 55 51 51 21 49 97 97 21 80 84 91 78 43 62 80 24 95 79 97 56 33 97 47 69 18 94 60 98 77 68 96 25 30 39 57 84 75 81 67 48 74 42 24 14 96 66 17 49 78 55 51 100
